RegionName,2015-01-31,2015-02-28,2015-03-31,2015-04-30,2015-05-31,2015-06-30,2015-07-31,2015-08-31,2015-09-30,2015-10-31,2015-11-30,2015-12-31,2016-01-31,2016-02-29,2016-03-31,2016-04-30,2016-05-31,2016-06-30,2016-07-31,2016-08-31,2016-09-30,2016-10-31,2016-11-30,2016-12-31,2017-01-31,2017-02-28,2017-03-31,2017-04-30,2017-05-31,2017-06-30,2017-07-31,2017-08-31,2017-09-30,2017-10-31,2017-11-30,2017-12-31,2018-01-31,2018-02-28,2018-03-31,2018-04-30,2018-05-31,2018-06-30,2018-07-31,2018-08-31,2018-09-30,2018-10-31,2018-11-30,2018-12-31,2019-01-31,2019-02-28,2019-03-31,2019-04-30,2019-05-31,2019-06-30,2019-07-31,2019-08-31,2019-09-30,2019-10-31,2019-11-30,2019-12-31,2020-01-31,2020-02-29,2020-03-31,2020-04-30,2020-05-31,2020-06-30,2020-07-31,2020-08-31,2020-09-30,2020-10-31,2020-11-30,2020-12-31,2021-01-31,2021-02-28,2021-03-31,2021-04-30,2021-05-31,2021-06-30,2021-07-31,2021-08-31,2021-09-30,2021-10-31,2021-11-30,2021-12-31,2022-01-31,2022-02-28,2022-03-31,2022-04-30,2022-05-31,2022-06-30,2022-07-31,2022-08-31,2022-09-30,2022-10-31,2022-11-30,2022-12-31,2023-01-31,2023-02-28,2023-03-31,2023-04-30,2023-05-31,2023-06-30,2023-07-31,2023-08-31,2023-09-30,2023-10-31,2023-11-30,2023-12-31,2024-01-31,2024-02-29,2024-03-31,2024-04-30,2024-05-31
33012,0,0,0,0,0,0,0,0,0,0,0,0,0,0,0,0,0,0,0,0,0,0,0,0,0,0,0,0,0,0,0,0,0,0,0,0,0,0,0,0,0,0,0,0,0,0,0,0,0,0,0,0,0,0,0,0,0,0,0,0,0,0,0,0,0,0,0,0,0,0,0,0,0,0,0,0,0,0,0,0,0,0,0,0,0,1833,0,1882,1930,2028,2068,2128,2165,2173,2158,2171,2222,2241,2271,2303,2318,2334,2272,2318,2299,2353,2328,2336,2342,2310,2351,2356,2436
33015,1285,1313,1324,1331,1331,1332,1314,1322,1344,1365,1362,1365,1369,1383,1383,1382,1394,1416,1419,1421,1404,1430,1422,1424,1423,1433,1438,1437,1444,1459,1471,1470,1466,1461,1471,1473,1482,1478,1487,1486,1484,1499,1498,1510,1506,1511,1513,1498,1493,1506,1517,1534,1519,1524,1525,1522,1526,1525,1543,1540,1537,1538,1548,1564,1564,1571,1570,1584,1577,1578,1565,1573,1581,1596,1616,1630,1660,1693,1721,1748,1777,1815,1826,1829,1861,1855,1912,1966,2088,2127,2150,2148,2188,2197,2254,2291,2312,2291,2265,2290,2320,2345,2346,2350,2335,2333,2323,2322,2335,2332,2336,2340,2360
33186,1519,1526,1527,1536,1544,1548,1566,1575,1589,1581,1582,1597,1604,1613,1599,1607,1616,1619,1622,1625,1638,1641,1653,1646,1643,1632,1646,1655,1666,1668,1675,1672,1676,1677,1682,1685,1689,1702,1707,1709,1697,1691,1698,1717,1714,1708,1709,1723,1733,1728,1728,1730,1746,1766,1769,1769,1760,1759,1751,1749,1756,1756,1760,1767,1763,1762,1766,1789,1785,1806,1802,1806,1803,1819,1830,1844,1851,1888,1951,0,0,0,2254,2324,2318,2377,2387,2423,2468,2522,2569,2593,2602,2602,2639,2649,2658,2637,2660,2711,2749,2741,2735,2705,2708,2683,2721,2713,2729,2704,2715,2737,2774
33157,1465,1468,1446,1472,1477,1506,1511,1526,1575,1598,1607,1586,1584,1584,1585,1606,1618,1616,1615,1608,1603,1621,1631,1653,1637,1669,1682,1687,1684,1699,1719,1728,1734,1725,1699,1701,1712,1732,1725,1725,1722,1726,1726,1733,1722,1735,1775,1826,1844,1826,1814,1824,1859,1849,1853,1814,1823,1836,1857,1889,1878,1889,1870,1867,1894,1917,1956,1951,1940,1946,1961,1987,1966,1938,1965,2012,2107,2168,2222,2263,2327,2359,2384,2496,2602,2726,2695,2717,2709,2731,2797,2802,2837,2847,2857,2883,2864,2904,2860,2891,2895,2984,2987,3011,2982,3023,3049,3060,3016,3014,3035,3109,3125
33033,1264,1266,1279,1289,1299,1298,1297,1305,1318,1332,1342,1361,1364,1373,1369,1385,1383,1381,1383,1388,1398,1397,1405,1404,1413,1416,1436,1445,1454,1450,1455,1453,1459,1462,1467,1474,1471,1482,1483,1498,1510,1526,1528,1521,1507,1504,1506,1517,1531,1526,1528,1539,1569,1584,1574,1583,1575,1583,1579,1613,1610,1600,1575,1580,1583,1604,1622,1645,1648,1660,1661,1658,1664,1676,1698,1733,1776,1824,1872,1902,1933,1935,1995,2064,2102,2147,2186,2263,2331,2383,2460,2463,2477,2438,2439,2418,2439,2432,2432,2441,2450,2487,2503,2536,2553,2557,2540,2506,2434,2456,2498,2581,2614
33178,1844,1856,1849,1854,1876,1895,1902,1912,1930,1941,1942,1921,1920,1925,1941,1961,1961,1969,1958,1959,1965,1944,1950,1943,1965,1957,1956,1953,1953,1951,1957,1959,1959,1955,1960,1968,1959,1957,1967,1986,1997,1999,2000,1997,1994,2009,2028,2026,2010,1996,2000,2017,2022,2039,2034,2041,2037,2046,2057,2065,2070,2063,2052,2026,2030,2039,2061,2057,2061,2069,2079,2087,2107,2129,2165,2211,2266,2342,2404,2491,2538,2619,2667,2742,2755,2785,2810,2892,2970,3008,3043,3077,3108,3110,3084,3071,3053,3049,3028,2997,3002,3021,3038,3025,3028,3022,3039,3011,3024,3010,3038,3056,3076
33142,0,0,0,0,0,0,0,0,0,0,0,0,0,0,0,0,0,0,0,0,0,0,0,0,0,0,0,0,0,0,0,0,0,0,0,0,0,0,0,0,0,0,0,0,0,0,0,0,0,0,0,0,0,0,0,0,0,0,0,0,0,0,0,0,0,0,0,0,0,0,0,0,0,0,0,0,0,0,0,0,0,0,0,0,0,1744,1783,1825,1871,1933,1953,2015,2119,2160,2137,2086,2097,2082,2094,2075,2103,2112,2197,2227,2235,2239,2209,2167,2142,2195,2321,2381,2358
33177,1445,1437,1447,1462,1466,1477,1483,1488,1489,1520,1574,1613,1596,1561,1544,1535,1575,1571,1594,1578,1585,1608,1617,1632,1628,1599,1595,1566,1612,1622,1669,1683,1697,1699,1693,1691,1718,1719,1736,1698,1740,1712,1732,1735,1760,1766,1718,1733,1741,1808,1815,1813,1784,1779,1766,1735,1743,1770,1783,1784,1761,1839,1863,1921,1835,1837,1858,1910,1913,1928,1925,1936,1890,1914,1927,1979,2003,2072,2169,2326,2395,2433,2409,2461,2459,2453,2453,2502,2610,2637,2684,2675,2737,2709,2722,2700,2657,2632,2671,2778,2781,2786,2756,2803,2818,2838,2772,2783,2757,2864,2833,2893,2904
33032,0,0,0,0,0,0,0,0,0,0,0,0,0,0,0,0,0,0,0,0,0,0,0,0,0,0,0,0,0,0,0,0,0,0,0,0,0,0,0,0,0,0,0,0,0,0,0,0,0,0,0,0,0,0,0,0,0,0,0,0,0,0,0,0,0,0,0,0,0,0,0,0,0,0,0,0,0,1828,1904,1955,1993,1977,1904,2051,2111,2294,2327,2391,2443,2489,2562,2531,2432,2434,2478,2517,2502,2508,2577,2580,2643,2684,2754,2725,2667,2660,2639,2672,2582,2672,2666,2828,2837
33161,0,0,0,0,0,0,0,0,0,0,0,0,0,0,0,0,0,0,0,0,0,0,0,0,0,0,0,0,0,0,0,0,0,0,0,0,0,0,0,0,0,0,0,0,0,0,0,0,0,0,0,0,0,0,0,0,0,0,0,0,0,0,0,0,0,0,0,0,0,0,0,0,0,0,0,0,0,0,0,0,1861,0,2003,2046,1973,2009,2059,2133,2142,2173,2218,2263,2268,2289,2274,2277,2242,2240,2248,2280,2339,2377,2378,2375,2317,2321,2299,2355,2363,2355,2332,2354,2429
33165,0,0,0,0,0,0,0,0,0,0,0,0,0,0,0,0,0,0,0,0,0,0,0,0,0,0,0,0,0,0,0,0,0,0,0,0,0,0,0,0,0,0,0,0,0,0,0,0,0,0,0,0,0,0,0,0,0,0,0,0,0,0,0,0,0,0,0,0,0,0,0,0,0,0,0,0,0,0,0,0,0,0,0,0,0,0,0,0,0,0,0,0,2920,2869,2896,3038,3028,3063,3005,3017,2988,3066,3209,3285,3166,3229,3183,3317,3180,3234,3273,3432,3590
33196,1533,1543,1549,1538,1556,1561,1570,1563,1570,1586,1596,1613,1616,1619,1632,1645,1643,1627,1635,1647,1655,1647,1655,1636,1630,1612,1662,1680,1701,1686,1679,1686,1698,1698,1713,1706,1717,1710,1701,1704,1707,1727,1743,1746,1738,1738,1735,1754,1746,1739,1737,1727,1733,1731,1752,1792,1792,1801,1778,1800,1791,1797,1789,1778,1764,1747,1751,1781,1802,1816,1824,1843,1873,1847,1828,1820,1885,1968,2059,2133,2225,2325,2312,2335,2310,2382,2419,2472,2518,2527,2541,2571,2612,2641,2657,2634,2648,2663,2665,2670,2656,2687,2702,2717,2715,2692,2680,2697,2714,2743,2727,2739,2705
33125,0,0,0,0,0,0,0,0,0,0,0,0,0,0,0,0,0,0,0,1250,1253,1266,1265,1254,1276,1341,1365,1348,1305,1297,1287,1284,1278,1300,1308,1319,1309,1308,1330,0,1340,1296,1320,1339,1376,1379,1364,1365,1359,1366,1394,1343,1362,1347,1417,1430,1434,1446,1457,1457,1440,1429,1434,1427,1418,1441,1461,1474,1459,1464,1453,1470,1474,1516,1531,1527,1532,1539,1649,1736,1822,1797,1747,1758,1799,1908,1958,2026,2056,2160,2201,2234,2227,2214,2221,2191,2201,2221,2253,2266,2254,2266,2327,2301,2285,2261,2262,2295,2221,2278,2262,2339,2340
33176,0,0,0,0,0,0,0,0,0,0,0,0,0,0,0,0,0,0,0,0,0,0,0,0,0,0,0,0,0,0,0,0,0,0,0,0,0,0,0,0,0,0,0,0,0,0,0,0,0,0,0,0,0,0,0,0,0,0,0,0,0,0,0,0,0,0,0,0,0,0,0,0,0,0,0,0,0,0,0,0,0,0,0,1730,1742,1845,1918,1944,2019,2071,2137,2155,2142,2166,2174,2213,2213,2207,2202,2246,2258,2284,2230,2267,2257,2325,2304,2323,2299,2295,2327,2331,2381
33018,0,0,0,0,0,0,0,0,0,0,0,0,0,0,0,0,0,0,0,0,0,0,0,0,0,0,0,0,0,0,0,0,0,0,0,0,0,0,0,0,0,0,0,0,0,0,0,0,0,0,0,0,0,0,0,0,0,0,0,0,0,0,0,0,0,0,0,0,0,0,0,0,0,0,0,0,0,0,0,0,0,0,0,0,2629,2580,2646,2763,2912,2935,2975,3016,3016,2961,2950,2939,2981,3014,3092,3117,3112,3097,3109,3130,3147,3163,3150,3143,3114,3067,3094,3144,3196
33175,0,0,0,0,0,0,0,0,0,0,0,0,0,0,0,0,0,0,0,0,0,0,0,0,0,0,0,0,0,0,0,0,0,0,0,0,0,0,0,0,0,0,0,0,0,0,0,0,0,0,0,0,0,0,0,0,0,0,0,0,0,0,0,0,0,0,0,0,0,0,0,0,0,0,0,0,0,0,0,0,0,0,0,0,0,0,0,2352,2391,0,2318,2376,2403,2498,2488,2487,2496,2521,2576,2634,2725,2769,2704,2592,2630,2767,2704,2695,2626,2799,2793,2879,2854
33193,1409,1420,1423,1438,1436,1443,1445,1458,1461,1460,1463,1478,1495,1500,1481,1484,1488,1507,1521,1540,1547,1540,1525,1515,1521,1536,1556,1563,1572,1583,1585,1569,1562,1561,1570,1556,1545,1562,1603,1620,1605,1593,1604,1631,1631,1628,1605,1599,1593,1593,1604,1620,1640,1638,1656,1659,1664,1643,1629,1635,1636,1644,1636,1637,1638,1637,1641,1652,1677,1669,1672,1674,1699,1696,1709,1731,1780,1843,1878,1898,1925,1922,1930,1929,1984,2101,2163,2215,2234,2308,2391,2439,2420,2447,2435,2442,2424,2434,2434,2476,2510,2549,2495,2497,2527,2595,2577,2478,2472,2495,2572,2588,2620
33126,1324,1335,1340,1331,1324,1320,1339,1358,1364,1368,1353,1364,1363,1400,1430,1442,1422,1383,1393,1412,1430,1420,1419,1394,1415,1415,1446,1440,1442,1449,1458,1469,1473,1464,1462,1459,1468,1471,1477,1475,1467,1475,1480,1498,1493,1499,1498,1512,1500,1508,1515,1530,1520,1517,1533,1525,1521,1507,1525,1536,1544,1543,1543,1541,1545,1552,1548,1545,1539,1550,1552,1559,1552,1574,1585,1606,1623,1622,1668,1695,1754,1765,1790,1808,1847,1910,1977,2067,2108,2158,2135,2166,2194,2252,2258,2246,2251,2268,2303,2324,2350,2358,2390,2395,2393,2356,2344,2337,2321,2323,2344,2387,2411
33016,0,0,0,0,0,0,0,0,0,0,0,0,0,0,0,0,0,0,0,0,0,0,0,0,0,0,0,0,0,0,0,0,0,0,0,0,0,0,0,0,0,0,0,0,0,0,0,0,0,0,0,0,0,0,0,0,0,0,0,0,0,0,0,0,0,0,0,0,0,0,0,0,0,0,0,0,0,0,0,0,0,0,1788,1785,1821,1973,2049,2135,2212,2261,2274,2326,2376,2451,2448,2435,2398,2420,2436,2465,2460,2457,2492,2497,2533,2545,2551,2543,2542,2553,2540,2506,2514
33179,0,0,0,1389,1398,1402,1416,1424,1432,1456,1481,1469,1459,1456,1485,1487,1479,1476,1480,1477,1479,1475,1480,1468,1474,1484,1498,1509,1502,1505,1514,1531,1531,1510,1494,1511,1537,1555,1546,1554,1558,1570,1567,1576,1574,1567,1554,1551,1557,1589,1602,1604,1601,1596,1614,1605,1638,1625,1631,1608,1599,1613,1624,1644,1640,1645,1652,1665,1685,1702,1723,1734,1752,1747,1771,1772,0,1777,1790,1841,1889,1968,2031,2086,2171,2220,2288,2305,2330,2373,2422,2458,2470,2460,2453,2425,2407,2392,2401,2411,2443,2489,2505,2515,2528,2573,2605,2561,2509,2464,2476,2475,2510
33162,1040,1051,1082,1098,1083,1089,1098,1111,1104,1098,1118,1133,1148,1154,1166,1204,1224,1219,1194,1177,1162,1160,1152,1154,1169,1186,1219,1235,1249,1263,1254,1229,1199,1225,1249,1279,1263,1269,1269,1276,1287,1296,1282,1281,1291,1301,1304,1305,1317,1321,1347,1340,1345,1329,1349,1356,1360,1375,1393,1390,1365,1353,1359,1389,1390,1381,1370,1380,1398,1387,1392,1395,1415,1411,1423,1430,1460,1472,1526,1603,1668,1714,1712,1726,1750,1776,1828,1834,1884,1899,1984,2015,2070,2063,2043,2074,2074,2106,2053,2069,2082,2081,2085,2082,2130,2132,2138,2106,2063,2090,2097,2184,2148
33155,0,0,0,0,0,0,0,0,0,0,0,0,0,0,0,1652,1692,1685,1712,1688,1670,1628,1632,1642,1673,1690,1724,1744,1728,1723,1724,1748,1769,1759,1771,1757,1793,1819,1824,1806,1759,1761,1785,1786,1771,1766,1785,1840,1839,1852,1859,1899,1917,1894,1840,1828,1846,1865,1873,1841,1815,1813,1850,1861,1844,1831,1824,1864,1866,1904,1907,1879,1919,1930,1991,1975,2066,2140,2245,2266,2324,2316,2400,2422,2525,2553,2644,2703,2741,2744,2803,2842,2913,2846,2805,2787,2848,2881,2868,2897,2888,2910,2876,2894,2927,2961,3008,2976,2989,2991,3015,2998,2961
33169,0,0,0,0,0,0,0,0,0,0,0,0,0,0,0,0,0,0,0,0,0,0,0,0,0,0,0,0,0,0,0,0,0,0,0,0,0,0,0,0,0,0,0,0,0,0,0,0,0,0,0,0,0,0,0,0,0,0,0,0,0,0,0,0,0,0,0,0,0,0,0,0,0,0,0,0,0,0,0,0,0,0,0,0,0,1788,1751,1782,1836,1945,1934,1930,1921,1946,1967,1996,2021,2083,2085,2087,2063,2046,2071,2053,2113,2100,2136,2104,2134,2108,2099,2099,2094
33160,2080,2066,2089,2099,2098,2093,2112,2120,2142,2146,2156,2165,2162,2159,2159,2126,2118,2106,2113,2114,2104,2120,2118,2122,2112,2096,2094,2103,2122,2131,2132,2138,2122,2123,2109,2121,2133,2137,2127,2125,2132,2133,2126,2130,2160,2169,2153,2140,2141,2168,2166,2155,2143,2150,2163,2177,2185,2178,2179,2195,2223,2222,2176,2134,2111,2124,2141,2149,2155,2161,2197,2218,2269,2281,2328,2392,2485,2580,2703,2754,2884,2927,3018,3108,3155,3257,3273,3363,3403,3406,3452,3497,3542,3505,3478,3485,3477,3484,3486,3489,3480,3475,3517,3517,3505,3485,3526,3538,3504,3479,3432,3449,3449
33172,0,0,0,0,0,0,0,0,0,0,0,0,0,0,0,0,0,0,0,0,0,0,0,0,0,0,0,0,0,0,0,0,0,0,0,0,0,0,0,0,0,0,0,0,0,0,0,0,0,0,0,0,0,0,0,0,0,0,0,0,0,0,0,0,0,0,0,0,0,0,0,0,0,0,0,0,0,0,0,0,0,0,1890,2018,2138,2282,2241,2262,2239,2269,2318,2363,2358,2344,2346,2370,2410,2411,2404,2388,2426,2435,2446,2418,2432,2428,2439,2458,2461,2461,2441,2452,2454
33014,0,0,0,0,0,0,0,0,0,0,0,0,0,0,0,0,0,0,0,0,0,0,0,0,0,0,0,0,0,0,0,0,0,0,0,0,0,1385,1441,1441,1428,1435,1424,1434,1426,1414,1440,1438,1473,1483,1489,1491,1483,1503,1509,1500,1521,1527,1547,1533,1534,1540,1564,1594,1603,1579,1566,1574,1593,1605,1604,1608,1616,1635,1653,1659,1679,1688,1706,1721,1737,1774,1796,1824,1842,1872,1922,1978,2040,2093,2139,2161,2194,2203,2201,2214,2231,2268,2255,2263,2291,2330,2331,2354,2366,2398,2374,2359,2342,2352,2357,2372,2383
33134,1817,1833,1837,1867,1871,1871,1834,1842,1863,1873,1889,1878,1914,1897,1918,1907,1923,1933,1927,1933,1910,1903,1914,1910,1909,1897,1906,1918,1902,1907,1924,1950,1971,1966,1968,1950,1944,1949,1955,1965,1966,1984,1975,1986,1973,1999,1986,1999,1986,1987,1985,2002,2035,2023,2019,2000,2013,2018,2036,2044,2043,2016,2005,1996,2004,2013,2032,2039,2010,2003,2008,2046,2060,2071,2069,2097,2116,2224,2295,2428,2511,2596,2629,2656,2659,2672,2711,2775,2863,2908,2966,2973,2980,2967,3014,3001,3012,2984,3017,3037,3053,3049,3079,3084,3097,3062,3092,3059,3058,3042,3074,3096,3125
33055,0,0,0,0,0,0,0,0,0,0,0,0,0,0,0,0,0,0,0,0,0,0,0,0,0,0,0,0,0,0,0,0,0,0,0,0,0,0,0,0,0,0,0,0,0,0,0,0,0,0,0,0,0,0,0,0,0,0,0,0,0,0,0,0,0,0,0,0,0,0,0,0,0,0,0,0,0,0,0,0,0,0,0,0,0,0,0,0,0,0,0,0,0,0,0,0,0,0,0,0,0,0,2630,2785,2895,3067,3174,3279,3438,3378,3427,3267,3230
33030,0,0,0,0,0,0,0,0,0,0,0,0,0,0,0,0,0,0,0,0,0,0,0,0,0,0,0,0,0,0,0,0,0,0,0,0,0,0,0,0,0,0,0,0,0,0,0,0,0,0,0,0,0,0,0,0,0,0,0,0,0,0,0,0,0,0,0,0,0,0,0,0,0,0,0,0,0,0,0,0,0,0,0,0,0,0,0,0,0,0,0,0,0,0,0,0,0,0,0,0,0,0,0,0,0,0,0,0,0,0,0,0,3200
33056,0,0,0,0,0,0,0,0,0,0,0,0,0,0,0,0,0,0,0,0,0,0,0,0,0,0,0,0,0,0,0,0,0,0,0,0,0,0,0,0,0,0,0,0,0,0,0,0,0,0,0,0,0,0,0,0,0,0,0,0,0,0,0,0,0,0,0,0,0,0,0,0,0,0,0,0,0,0,0,0,0,0,0,0,0,0,0,0,0,0,0,0,0,0,0,0,0,0,0,0,0,0,0,0,0,0,0,0,2865,2840,2960,2992,3109
33139,1851,1863,1858,1858,1870,1870,1880,1888,1895,1898,1906,1928,1940,1947,1942,1932,1911,1888,1869,1848,1833,1832,1841,1840,1850,1842,1858,1845,1844,1845,1837,1844,1842,1858,1860,1861,1870,1882,1893,1887,1878,1872,1882,1887,1898,1899,1917,1932,1938,1929,1914,1915,1919,1923,1914,1917,1916,1937,1952,1968,1974,1982,1977,1941,1896,1883,1901,1902,1893,1889,1927,1972,2035,2128,2199,2248,2258,2282,2334,2374,2455,2515,2571,2633,2710,2824,2908,2951,2969,2973,2987,3000,3035,3067,3093,3109,3147,3173,3175,3146,3103,3073,3046,3018,2978,3012,3080,3119,3112,3091,3121,3126,3112
33183,0,0,0,0,0,0,0,0,0,0,0,0,0,0,0,0,0,0,0,0,0,0,0,0,0,0,0,0,0,0,0,0,0,0,0,0,0,0,0,0,0,0,0,0,0,0,0,0,0,0,0,0,0,0,0,0,0,0,0,0,0,0,0,0,0,0,0,0,0,0,0,0,0,0,0,0,0,0,0,0,0,0,0,1920,2027,2125,2208,2204,2278,2355,2421,2416,2447,2454,2454,2436,2449,2499,2538,2555,2579,2605,2613,2608,2593,2563,2551,2535,2548,2550,2601,2579,2630
33135,0,0,0,0,0,0,0,0,0,0,0,0,0,0,0,0,0,0,0,0,0,0,0,0,0,0,0,0,0,0,0,0,0,0,0,0,0,0,0,0,0,0,0,0,0,0,0,0,0,0,0,0,0,0,0,0,0,0,0,0,0,0,0,0,0,0,0,0,0,0,0,0,0,0,0,0,0,0,0,0,0,0,0,0,2004,2021,2046,2070,2122,2195,2229,2218,2228,2237,2258,2274,2277,2244,2230,2258,2290,2314,2309,2310,2278,2266,2214,2228,2226,2293,2299,2320,2325
33141,1433,1466,1490,1506,1508,1507,1523,1533,1535,1528,1533,1536,1546,1539,1549,1550,1548,1541,1541,1547,1554,1549,1544,1535,1526,1538,1542,1544,1542,1547,1560,1555,1573,1575,1576,1559,1561,1559,1566,1559,1571,1567,1579,1578,1581,1580,1569,1563,1558,1578,1590,1607,1605,1605,1598,1601,1604,1615,1622,1618,1615,1614,1621,1617,1608,1605,1601,1602,1604,1614,1622,1633,1651,1673,1692,1731,1788,1851,0,1999,2078,2136,2203,2205,2184,2215,2320,2413,2450,2469,2479,2493,2486,2491,2507,2512,2493,2492,2512,2539,2529,2532,2524,2518,2515,2504,2507,2458,2472,2477,2504,2514,2502
33180,2062,2085,2078,2068,2069,2086,2107,2123,2144,2127,2093,2086,2109,2138,2143,2128,2132,2110,2113,2112,2110,2115,2111,2107,2101,2086,2095,2091,2102,2117,2125,2131,2120,2127,2115,2120,2099,2104,2111,2140,2153,2155,2152,2162,2146,2138,2134,2163,2161,2160,2144,2135,2115,2123,2145,2153,2146,2130,2146,2155,2185,2195,2209,2209,2182,2158,2131,2148,2160,2190,2216,2244,2273,2287,2317,2329,2414,2488,0,2795,2883,2907,2979,3126,3256,3243,3251,3266,3365,3407,3405,3380,3337,3349,3375,3413,3385,3409,3399,3440,3417,3434,3398,3388,3378,3421,3447,3447,3464,3495,3532,3499,3464
33174,0,0,0,0,0,0,0,0,0,0,0,0,0,0,0,0,0,0,0,0,0,0,0,0,0,0,0,0,0,0,0,0,0,0,0,0,0,0,0,0,0,0,0,0,0,0,0,0,0,0,0,0,0,0,0,0,0,0,0,0,0,0,0,0,0,0,0,0,0,0,0,0,0,0,0,0,0,0,0,0,0,0,0,0,2252,2282,2289,2274,2417,2477,2448,2500,2562,2723,2656,2617,2566,2598,2657,2704,2694,2735,2796,2895,2896,2814,2758,2800,2763,2765,2670,2757,2774
33130,2059,2068,2079,2071,2069,2093,2107,2107,2089,2096,2114,2121,2113,2106,2094,2096,2087,2088,2086,2077,2091,2084,2081,2064,2068,2075,2079,2075,2080,2086,2097,2101,2117,2114,2117,2099,2100,2102,2107,2109,2105,2116,2123,2145,2146,2156,2138,2139,2127,2120,2120,2124,2127,2144,2149,2164,2148,2176,2187,2187,2167,2173,2193,2181,2156,2133,2138,2134,2132,2111,2121,2115,2139,2187,2271,2347,2422,2496,2633,2714,2801,2853,2922,2964,3013,3115,3206,3294,3305,3340,3335,3328,3315,3286,3256,3247,3244,3294,3312,3352,3346,3326,3317,3290,3294,3278,3282,3282,3296,3330,3369,3385,3391
33150,0,0,0,0,0,0,0,0,0,0,0,0,0,0,0,0,0,0,0,0,0,0,0,0,0,0,0,0,0,0,0,0,0,0,0,0,0,0,0,0,0,0,0,0,0,0,0,0,0,0,0,0,0,0,0,0,0,0,0,0,0,0,0,0,0,0,0,0,0,0,0,0,0,0,0,0,0,0,0,0,0,0,0,0,1613,1675,1764,1759,1776,1755,1785,1824,1887,1988,2048,2088,2032,2034,2021,2111,2066,2067,2045,2084,2009,1971,2037,2139,2176,2123,2165,2165,2184
33133,1688,1708,1702,1720,1701,1725,1726,1755,1788,1793,1801,1779,1783,1769,1761,1753,1774,1793,1799,1793,1798,1800,1794,1788,1796,1819,1820,1834,1831,1838,1815,1824,1825,1847,1837,1841,1839,1839,1871,1886,1915,1903,1908,1910,1913,1903,1896,1855,1856,1865,1920,1959,1973,1977,1960,1945,1940,1943,1960,1966,1988,1999,2019,2005,2013,2016,2034,2029,2025,2032,2054,2077,2104,2163,2187,2230,2208,2267,2292,2430,2529,2611,2642,2712,2776,2829,2872,2957,3021,3091,3123,3165,3176,3165,3166,3124,3133,3115,3173,3226,3254,3231,3234,3265,3245,3262,3274,3340,3328,3287,3227,3275,3378
33143,1464,1482,1505,1502,1518,1515,1498,1492,1508,1541,1546,1557,1554,1550,1548,1565,1590,1575,1576,1581,1592,1600,1597,1584,1579,1571,1584,1584,1590,1594,1589,1601,1607,1613,1627,1606,1607,1588,1617,1635,1641,1648,1650,1652,1661,1658,1674,1666,1666,1645,1646,1650,1679,1688,1709,1713,1718,1707,1732,1738,1764,1754,1745,1707,1677,1676,1681,1691,1670,1675,1692,1719,1754,1745,1790,1804,1843,1856,1890,1969,2056,2099,2169,2168,2256,2262,2353,2357,2422,2425,2470,2495,2574,2571,2523,2465,2502,2537,2551,2540,2552,2556,2581,2598,2642,2615,2609,2555,2567,2623,2704,2726,2694
33156,1656,1669,1690,1707,1712,1714,1727,1718,1741,1722,1743,1746,1761,1758,1729,1721,1743,1770,1777,1777,1788,1796,1779,1771,1777,1780,1781,1779,1778,1776,1774,1786,1794,1789,1775,1760,1772,1801,1812,1811,1811,1815,1825,1811,1807,1805,1827,1840,1851,1850,1853,1847,1839,1840,1843,1838,1836,1837,1847,1853,1840,1852,1842,1825,1814,1825,1842,1819,1811,1801,1812,1834,1861,1930,1947,1987,1980,2023,2104,2155,2166,2237,2350,2447,2463,2520,2554,2604,2614,2713,2779,2785,2779,2775,2843,2842,2820,2782,2818,2856,2871,2890,2865,2841,2821,2837,2862,2868,2883,2914,2939,2949,2970
33173,0,0,0,0,0,0,0,0,0,0,0,0,0,0,0,0,0,0,0,0,0,0,0,0,0,0,0,0,0,0,0,0,0,0,0,0,0,0,0,0,0,0,0,0,0,0,0,0,0,0,0,0,0,0,0,0,0,0,0,0,0,0,0,0,0,0,0,0,0,0,0,0,0,0,0,0,0,0,0,0,0,0,0,2205,2203,2190,2231,2309,2408,2465,2544,2553,2564,2527,2524,2533,2527,2534,2532,2550,2578,2611,2647,2673,2669,2666,2634,2627,2620,2657,2660,2662,2612
33127,0,0,0,0,0,0,0,0,0,0,0,0,0,0,0,0,0,0,0,0,0,0,0,0,0,0,0,0,0,0,0,0,0,0,0,0,0,0,0,0,0,0,0,0,0,0,0,0,0,0,0,0,0,0,0,0,0,0,0,1684,1735,1718,1721,1704,1737,1770,1783,1791,1787,1781,1779,1768,1794,1813,1854,1879,1891,1974,2019,2074,2107,2183,2323,2405,2455,2482,2477,2498,2488,2524,2556,2581,2605,2642,2666,2709,2705,2713,2703,2712,2721,2766,2798,2831,2808,2798,2819,2835,2829,2856,2847,2877,2845
33145,1542,1537,1548,1560,1583,1622,1669,1673,1647,1618,1604,1605,1633,1637,1650,1639,1623,1633,1639,1688,1673,1696,1684,1676,1656,1663,1662,1662,1657,1674,1709,1693,1710,1699,1720,1723,1722,1734,1726,1710,1699,1705,1721,1747,1765,1763,1743,1746,1775,1799,1783,1754,1742,1731,1760,1791,1833,1832,1813,1805,1791,1819,1822,1841,1813,1801,1788,1790,1808,1833,1838,1839,1823,1814,1809,1862,1913,1999,1996,2069,2103,2209,2355,2470,2553,2484,2515,2598,2695,2727,2700,2690,2701,2709,2745,2794,2794,2769,2741,2738,2784,2789,2782,2789,2778,2803,2773,2769,2758,2821,2827,2876,2911
33054,0,0,0,0,0,0,0,0,0,0,0,0,0,0,0,0,0,0,0,0,0,0,0,0,0,0,0,0,0,0,0,0,0,0,0,0,0,0,0,0,0,0,0,0,0,0,0,0,0,0,0,0,0,0,0,0,0,0,0,0,0,0,0,0,0,0,0,0,0,0,0,0,0,0,0,0,0,0,0,0,0,0,0,0,0,0,0,0,0,0,0,0,0,0,0,0,0,0,0,0,0,0,0,2196,2227,2169,2220,2185,2180,2069,2132,2164,2200
33144,0,0,0,0,0,0,0,0,0,0,0,0,0,0,0,0,0,0,0,0,0,0,0,0,0,0,0,0,0,0,0,0,0,0,0,0,0,0,0,0,0,0,0,0,0,0,0,0,0,0,0,0,0,0,0,0,0,0,0,0,0,0,0,0,0,0,0,0,0,0,0,0,0,0,0,0,0,0,0,0,0,0,0,0,0,0,0,0,0,0,0,0,0,0,0,0,0,0,0,2872,2768,2673,2714,2825,0,2874,2974,3037,3071,3072,3015,3059,2883
33138,0,0,0,0,0,0,0,0,0,0,0,0,0,0,0,0,1264,1270,1267,1248,1263,1267,1273,1268,1279,1287,1269,1276,1279,1305,1294,1292,1283,1297,1289,1304,1298,1306,1311,1331,1347,1351,1338,1353,1352,1380,1390,1376,1365,1348,1390,1404,1425,1426,1420,1413,1409,1399,1404,1395,1398,1414,1445,1486,1483,1476,1466,1483,1492,1495,1486,1483,1482,1483,1508,1548,1590,1605,1647,1694,1798,1829,1906,1979,2038,2036,2021,2084,2128,2140,2168,2211,2269,2231,2204,2203,2223,2259,2287,2293,2293,2306,2335,2362,2339,2340,2311,2263,2283,2302,2403,2405,2437
33185,0,0,0,0,0,0,0,0,0,0,0,0,0,0,0,0,0,0,0,0,0,0,0,0,0,0,0,0,0,0,0,0,0,0,0,0,0,0,0,0,0,0,0,0,0,0,0,0,0,0,0,0,0,0,0,0,0,0,0,0,0,0,0,0,0,0,0,0,0,0,0,0,0,0,0,0,0,0,0,0,0,2989,3057,3035,3096,3059,3158,3288,3371,3443,3435,3555,3691,3711,3622,0,3522,3557,3593,3611,3611,3631,3527,3565,3587,3769,3675,3691,3644,3756,3738,3744,3719
33166,0,0,0,0,0,0,0,0,0,0,0,0,0,0,0,0,0,0,0,0,0,0,0,0,0,0,0,0,0,0,0,0,0,0,0,0,0,0,0,0,0,0,0,0,0,0,0,0,0,0,0,0,0,0,0,0,0,0,0,0,0,0,0,0,0,0,0,0,0,0,0,0,0,0,0,0,0,0,0,0,0,2106,2205,2195,2237,2263,2331,2393,2436,2478,2525,2570,2566,2541,2505,2498,2533,2559,2604,2607,2615,2604,2623,2627,2620,2600,2598,2574,2603,2620,2673,2677,2680
33189,0,0,0,0,0,0,0,0,0,0,0,0,0,0,0,0,0,0,0,0,0,0,0,0,0,0,0,0,0,0,0,0,0,0,0,0,0,0,0,0,0,0,0,0,0,0,0,0,0,0,0,0,0,0,0,0,0,0,0,0,0,0,0,0,0,0,0,0,0,0,0,0,0,0,0,0,0,0,0,0,0,0,0,2059,1992,2065,2116,2176,2190,2232,2304,2355,2384,2371,2353,2362,2389,0,2389,2432,2505,2548,2574,2564,2617,2602,2627,2550,2596,2581,2629,2568,2599
33140,2003,2019,2009,2020,2035,2040,2041,2050,2093,2090,2108,2092,2134,2127,2131,2100,2084,2074,2052,2023,2038,2062,2069,2055,2078,2099,2118,2080,2066,2045,2027,2049,2061,2107,2115,2113,2099,2108,2107,2114,2092,2090,2104,2124,2123,2115,2142,2153,2138,2079,2086,2103,2127,2143,2109,2129,2109,2175,2169,2187,2183,2222,2216,2193,2139,2149,2140,2132,2100,2138,2208,2299,2371,2447,2501,2536,2657,2771,2844,2853,2811,2877,3048,3192,3283,3213,3274,3367,3494,3560,3545,3546,3589,3661,3623,3660,3592,3589,3565,3616,3601,3556,3541,3600,3634,3685,3763,3747,3735,3653,3717,3728,3690
33131,2237,2253,2274,2268,2269,2268,2275,2272,2255,2246,2253,2253,2265,2265,2272,2262,2261,2258,2253,2232,2219,2209,2202,2186,2201,2207,2214,2195,2190,2190,2190,2189,2189,2184,2181,2174,2189,2191,2199,2201,2216,2224,2221,2219,2242,2261,2262,2250,2236,2236,2237,2254,2263,2263,2255,2262,2277,2283,2293,2300,2316,2327,2315,2293,2263,2264,2264,2263,2254,2250,2251,2252,2266,2309,2399,2508,2609,2703,2822,2942,3022,3114,3164,3258,3297,3420,3487,3567,3595,3625,3629,3621,3601,3570,3557,3570,3577,3584,3596,3594,3618,3587,3598,3569,3593,3590,3577,3580,3598,3619,3639,3642,3674
33137,1989,2004,2027,2052,2056,2066,2053,2085,2056,2095,2098,2110,2110,2130,2160,2142,2142,2127,2138,2116,2114,2121,2106,2084,2080,2090,2115,2119,2116,2105,2107,2115,2132,2128,2119,2123,2126,2143,2132,2146,2145,2178,2180,2183,2178,2170,2178,2158,2169,2139,2144,2154,2203,2222,2236,2230,2231,2236,2257,2300,2295,2299,2281,2268,2259,2251,2243,2245,2245,2262,2259,2297,2346,2411,2445,2530,2623,2739,2835,2891,2932,3004,3076,3181,3225,3289,3322,3357,3431,3491,3545,3558,3557,3555,3535,3547,3534,3531,3525,3536,3526,3528,3534,3537,3589,3571,3621,3585,3614,3610,3636,3659,3688
33181,0,0,0,0,0,0,0,0,0,0,0,0,0,0,0,0,0,0,0,0,0,0,0,0,0,0,0,0,0,0,0,0,0,0,0,0,0,0,0,0,0,0,0,0,0,0,0,0,0,0,0,0,0,0,0,0,0,0,0,0,0,0,0,0,0,0,0,0,0,0,0,0,0,0,0,0,0,0,0,0,0,0,0,0,0,2245,2342,2401,2460,2471,2513,2478,2521,2506,2471,2423,2454,2481,2538,2502,2521,2497,2502,2502,2518,2524,2538,2509,2531,2487,2496,2495,2543
33034,0,0,0,0,0,0,0,0,0,0,0,0,0,0,0,0,0,0,0,0,0,0,0,0,0,0,0,0,0,0,0,0,0,0,0,0,0,0,0,0,0,0,0,0,0,0,0,0,0,0,0,0,0,0,0,0,0,0,0,0,0,0,0,0,0,0,0,0,0,0,0,0,0,0,0,0,0,0,0,0,0,0,0,0,0,0,0,0,0,0,0,0,0,0,0,0,2179,2234,2198,2180,2132,2155,2186,2313,2347,2397,2334,2339,2204,2246,2271,2370,2341
33136,0,0,0,0,0,0,0,0,0,0,0,0,0,0,0,0,0,0,0,0,0,0,0,0,0,0,0,0,0,0,0,0,0,0,0,0,0,0,0,0,0,0,0,0,0,0,0,0,0,0,0,0,0,0,0,0,0,0,0,0,0,0,0,0,0,0,0,0,0,0,0,0,0,0,0,0,0,0,0,0,0,0,0,2190,2229,2333,2311,2364,2468,2555,2596,2533,2502,2519,2536,2529,2511,2527,2546,2554,2580,2603,2630,2632,2617,2611,2537,2522,2516,2586,2660,2708,2773
33154,0,0,0,0,0,0,0,0,0,0,0,0,0,0,0,0,0,0,0,0,0,0,0,0,0,0,0,0,0,0,0,0,0,0,0,0,0,0,0,0,0,0,0,0,0,0,0,0,0,0,0,0,0,0,0,0,0,0,0,0,0,0,0,0,0,0,0,0,0,0,0,0,0,0,0,0,0,0,0,0,0,0,0,3593,3618,3850,3979,4168,4270,4235,4239,4253,4346,4334,4325,4298,4315,4263,4239,4242,4339,4341,4401,4361,4439,4360,4335,4313,4373,4334,4321,4250,4363
33146,0,0,0,0,0,0,0,0,0,0,0,0,0,0,0,0,0,0,0,0,0,0,0,0,0,0,0,0,0,0,0,0,0,2112,2123,2100,2125,2145,2156,2202,2197,2205,2193,2197,2176,2181,0,2242,2205,2222,2222,2243,2252,2255,2266,2242,2209,2213,2239,2229,2241,2265,2338,2313,2270,2238,2247,2217,2197,2185,2229,2246,2281,2276,2283,2346,2453,2563,2688,2789,2896,2899,2941,2972,3059,3133,3223,3321,3411,3503,3531,3532,3551,3591,3610,3498,3455,3433,3457,3486,3570,3572,3530,3535,3553,3548,3513,3553,3613,3623,3685,3741,3828
33149,0,0,0,0,0,0,0,0,0,0,0,0,0,0,0,0,0,0,0,0,0,0,0,0,0,0,0,0,0,0,0,0,0,0,0,0,0,0,0,0,0,0,0,0,0,0,0,0,0,0,0,0,0,0,0,0,0,0,0,0,0,0,0,0,0,0,0,0,0,0,0,0,0,0,0,0,0,5778,6252,6653,7034,6938,7331,7656,8020,7795,7657,7912,8149,8146,7968,7866,8007,7951,8090,8122,8049,7890,7703,7890,7969,7989,8045,8084,8239,8115,8050,8079,8173,8362,8260,8328,8165
33035,0,0,0,0,0,0,0,0,0,0,0,0,0,0,0,0,0,0,0,0,0,0,0,0,0,0,0,0,0,0,0,0,0,0,0,0,0,0,0,0,0,0,0,0,0,0,0,0,0,0,0,0,0,0,0,0,0,0,0,0,0,0,0,0,0,0,0,0,0,0,0,0,0,0,0,0,0,0,0,0,0,0,1810,1843,0,1938,1954,2014,2037,2081,2135,2160,2166,2149,2176,2174,2176,2162,2214,2253,2271,2250,2248,2246,2268,2275,2290,2274,2213,2222,2244,2315,2335
33129,0,0,0,0,0,0,0,0,0,0,0,0,0,0,0,0,0,0,0,0,0,0,0,0,0,0,0,0,0,0,0,0,0,0,0,0,0,0,0,0,0,0,0,0,0,0,0,0,0,0,0,0,0,0,0,0,0,0,0,0,0,0,0,0,0,0,0,0,0,0,0,0,0,0,0,0,0,0,0,0,0,0,2938,3105,3286,3182,3137,3198,3367,3516,3498,3424,3461,3473,3534,3492,3472,3425,3442,3493,3514,3571,3618,3658,3643,3528,3501,3521,3566,3596,3558,3613,3602
33182,0,0,0,0,0,0,0,0,0,0,0,0,0,0,0,0,0,0,0,0,0,0,0,0,0,0,0,0,0,0,0,0,0,0,0,0,0,0,0,0,0,0,0,0,0,0,0,0,0,0,0,0,0,0,0,0,0,0,0,0,0,0,0,0,0,0,0,0,0,0,0,0,0,0,0,0,0,0,0,0,0,0,0,0,0,0,0,0,0,0,0,0,0,0,0,0,0,0,0,0,0,0,0,0,0,0,0,0,0,3104,3220,3178,3220
33190,0,0,0,0,0,0,0,0,0,0,0,0,0,0,0,0,0,0,0,0,0,0,0,0,0,0,0,0,0,0,0,0,0,0,0,0,0,0,0,0,0,0,0,0,0,0,0,0,0,0,0,0,0,0,0,0,0,0,0,0,0,0,0,0,0,0,0,0,0,0,0,0,0,0,0,0,0,0,0,0,0,0,0,0,0,2318,2376,2455,2598,2660,2683,2677,2666,2627,2594,2552,2591,2623,2704,2701,2688,2691,2674,2736,2762,2846,2801,2742,2708,2764,2876,2918,2868
33132,2061,2092,2109,2112,2115,2126,2117,2111,2115,2115,2117,2134,2138,2161,2144,2152,2128,2100,2090,2075,2095,2087,2074,2064,2071,2096,2100,2111,2120,2116,2097,2094,2116,2114,2106,2081,2093,2100,2106,2117,2113,2136,2131,2142,2133,2137,2130,2128,2167,2190,2205,2191,2182,2182,2155,2159,2169,2189,2195,2186,2191,2199,2212,2180,2168,2163,2192,2186,2158,2139,2133,2163,2209,2289,2343,2366,2401,2440,2555,2632,2675,2721,2826,2918,3034,3096,3252,3308,3354,3372,3373,3373,3361,3357,3329,3346,3369,3399,3419,3406,3415,3387,3353,3338,3324,3321,3320,3327,3375,3401,3435,3426,3428
33128,0,0,0,0,0,0,0,0,0,0,0,0,0,0,0,0,0,0,0,0,0,0,0,0,0,0,0,0,0,0,0,0,0,0,0,0,0,0,0,0,0,0,0,0,0,0,0,0,0,0,0,0,0,0,0,0,0,0,0,0,0,0,0,0,0,0,0,0,0,0,0,0,0,0,0,0,0,0,0,0,0,0,0,0,0,2865,2785,2813,2940,3013,3047,2978,2923,2874,2858,2830,2861,2908,2961,2967,2996,2965,2995,2941,2967,2889,2876,2882,2934,2968,3005,3038,3067
33122,0,0,0,0,0,0,0,0,0,0,0,0,0,0,0,0,0,0,0,0,0,0,0,0,0,0,0,0,0,0,0,0,0,0,0,0,0,0,0,0,0,0,0,0,0,0,0,0,0,0,0,0,0,0,0,0,0,0,0,0,0,0,0,0,0,0,0,0,0,0,0,0,0,0,0,0,0,0,0,0,0,2806,2884,2834,2872,2896,2960,2975,2973,3005,3051,0,3016,2975,2990,2983,2978,2951,2984,2977,3026,2987,2950,2897,2898,2905,2870,2852,2887,2970,3015,2987,2976
